3
4
5
5
6
8
10
10
12
13
15
14
14
16
18
18
19
21
22
21
23
24
25
26
28
28
28
31
32
32
33
34
35
36
37
37
39
40
40
42
43
43
44
44
47
45
48
49
50
51
52
52
52
54
54
56
57
56
57
58
59
61
62
63
62
64
64
63
66
67
67
68
68
70
69
71
72
73
73
75
73
76
75
77
77
79
78
80
81
79
81
83
83
84
85
85
86
87
87
88
89
90
91
91
92
93
93
94
95
95
95
96
98
97
98
99
101
101
100
102
102
103
103
104
105
106
106
107
107
108
109
108
109
110
110
111
112
113
113
114
115
115
115
117
117
117
119
118
120
120
119
119
122
121
122
122
124
124
126
125
126
127
127
127
127
129
129
130
131
130
131
132
133
133
133
133
134
135
135
136
135
135
135
138
139
138
139
140
140
139
141
142
143
141
143
143
144
144
143
146
145
146
146
146
147
148
149
149
148
149
149
150
151
150
151
153
151
153
151
153
153
154
155
155
156
157
156
155
155
157
158
158
159
160
161
159
160
162
159
162
162
163
162
164
164
163
164
163
166
166
165
167
166
167
168
167
168
168
169
169
169
170
170
169
172
170
171
171
171
171
173
172
173
174
174
174
175
175
174
175
176
177
177
177
177
177
176
178
178
179
179
178
180
180
179
180
180
181
181
182
182
182
182
183
182
183
184
184
185
183
184
186
186
185
185
186
186
186
187
187
187
187
187
187
189
188
189
189
190
190
190
190
191
190
191
190
192
191
191
192
191
194
192
193
193
194
194
193
194
195
194
195
195
195
196
197
195
196
196
197
197
198
197
198
198
199
198
199
198
199
199
200
198
200
200
201
200
200
201
201
201
201
202
202
202
203
203
202
203
203
203
203
205
205
205
204
206
204
205
207
205
207
205
206
207
205
206
207
207
206
207
206
207
207
208
207
209
208
209
209
210
209
208
208
210
209
210
210
211
212
211
210
211
212
212
211
212
211
212
211
212
212
213
212
213
213
213
213
214
214
213
213
213
213
214
215
215
214
215
215
216
215
216
216
216
216
215
217
217
217
217
217
217
218
219
217
217
219
218
217
219
218
218
218
218
219
218
220
219
219
220
221
219
220
220
220
220
220
219
221
222
221
222
222
222
222
222
221
223
222
222
223
223
223
222
223
223
223
222
223
223
223
224
223
224
225
224
225
225
225
224
224
225
224
226
225
225
225
225
226
226
226
226
226
226
226
225
227
226
227
227
227
227
227
227
226
227
228
226
227
227
227
228
229
228
229
229
228
227
229
230
229
228
229
227
230
229
230
230
229
230
231
229
229
230
230
230
230
231
231
230
231
230
229
231
232
231
231
231
232
232
232
232
233
231
231
232
233
231
231
232
231
233
232
233
233
232
231
232
234
234
233
231
232
234
233
234
233
234
234
233
233
233
234
234
235
234
236
234
234
234
235
234
235
235
235
235
235
235
235
236
236
235
236
235
236
235
235
236
236
236
237
236
236
237
236
235
236
236
236
236
238
237
237
237
237
237
236
235
237
236
237
237
237
237
238
238
238
237
237
238
239
239
238
238
239
238
238
237
238
238
239
239
237
239
238
238
239
238
238
239
238
240
238
239
239
238
240
238
240
240
239
240
239
239
239
239
240
239
239
239
240
240
240
240
240
240
239
240
240
239
240
241
239
240
240
240
240
240
239
240
241
240
240
240
242
241
241
242
242
242
241
241
242
241
241
241
241
242
241
241
241
242
242
242
242
242
241
241
242
242
242
243
244
242
242
242
242
241
242
242
243
244
243
243
243
243
243
242
242
243
242
242
243
242
242
244
243
243
243
242
243
244
243
244
243
242
243
244
243
243
243
244
244
244
243
243
245
244
243
244
243
243
245
243
243
244
243
244
244
243
243
244
244
243
244
244
243
243
245
244
245
244
244
244
245
245
245
244
244
244
244
245
246
245
244
243
245
244
246
244
246
245
246
244
246
245
246
245
244
245
244
245
245
245
245
245
246
246
245
245
246
246
245
245
246
245
246
245
246
246
246
246
246
245
245
247
245
245
246
246
246
245
245
245
246
247
246
246
246
247
246
246
247
246
246
246
246
247
247
246
246
245
245
246
247
246
246
246
245
247
247
246
246
248
247
246
247
247
245
247
246
246
247
246
245
247
248
246
247
248
246
247
248
247
246
246
247
247
248
246
248
247
248
247
246
248
248
247
247
248
247
247
247
247
247
247
247
248
247
247
248
248
247
247
247
248
248
247
248
248
248
248
249
246
246
244
244
241
241
240
240
238
236
237
236
233
234
232
232
230
229
228
228
227
225
224
224
222
221
221
221
220
217
218
216
216
214
214
213
212
212
210
210
208
208
207
206
206
204
204
202
201
202
201
200
199
198
196
195
195
194
194
192
193
192
191
189
189
188
189
187
186
185
184
183
184
183
181
181
179
179
179
177
176
178
176
174
175
173
172
171
171
170
170
168
169
169
168
167
166
166
165
165
164
162
162
161
161
161
160
158
157
157
156
155
156
154
154
152
153
153
152
150
150
150
149
148
147
146
147
146
145
146
144
144
143
142
141
142
141
140
139
138
139
137
137
137
136
135
134
135
134
134
134
132
131
132
132
131
129
129
129
129
128
127
126
126
125
124
124
123
124
123
122
121
121
121
119
120
120
118
118
117
118
117
116
116
116
116
115
114
113
114
112
112
113
112
112
109
109
109
110
108
108
109
108
107
107
107
107
106
106
104
103
104
103
103
103
102
102
102
101
99
99
99
100
99
98
97
98
98
97
96
95
95
96
96
94
93
94
92
92
92
93
92
92
91
90
89
89
89
88
88
88
88
88
87
87
86
87
86
86
85
84
85
85
83
83
83
82
83
82
82
80
82
82
80
80
80
79
80
79
78
79
79
77
77
77
76
76
77
76
76
75
75
75
73
73
72
74
73
72
72
72
71
71
72
71
70
71
69
70
70
69
69
69
69
68
68
67
68
67
67
66
66
66
65
65
65
65
65
65
64
64
64
63
64
63
64
63
61
62
61
63
62
61
60
61
60
61
60
59
60
59
58
57
58
57
59
57
57
57
57
56
56
56
55
56
56
55
56
55
54
55
55
54
54
54
54
52
54
54
53
52
52
52
52
52
52
51
50
50
51
51
50
50
50
50
50
50
49
49
49
48
49
48
47
46
48
47
48
47
46
46
46
47
45
46
47
46
45
46
45
46
45
45
44
44
44
44
43
43
43
42
42
43
43
42
42
42
42
42
42
41
40
41
41
41
41
40
41
39
40
40
39
39
38
38
39
38
39
38
39
38
39
37
38
37
37
36
37
38
38
36
37
35
35
36
36
36
35
34
35
35
35
34
36
35
33
35
34
35
34
34
34
34
33
33
33
33
32
34
32
32
33
31
32
32
32
32
32
32
31
31
30
31
32
32
30
31
29
31
30
31
30
30
31
30
29
31
29
29
28
29
28
28
28
27
27
27
28
28
28
27
27
27
27
28
27
27
27
28
27
27
27
27
26
26
25
25
26
25
25
25
25
25
25
25
25
26
26
24
23
25
25
25
26
25
24
24
23
23
23
23
24
22
23
24
22
22
23
23
23
22
23
22
22
21
22
23
21
21
22
21
21
21
21
21
22
22
21
22
21
21
19
21
20
20
19
20
19
20
20
21
19
19
20
19
19
20
19
19
20
19
19
19
19
19
18
19
18
19
19
19
19
19
19
18
18
18
19
18
17
18
17
17
18
17
17
17
17
17
17
18
18
18
18
17
16
15
16
18
17
17
17
17
16
16
16
15
16
16
15
16
16
16
16
16
15
15
15
15
14
15
13
15
16
16
16
15
15
15
14
14
14
15
15
14
14
15
14
15
14
13
14
14
13
14
14
14
13
12
14
14
13
14
13
13
12
14
13
14
13
13
13
13
13
13
13
13
13
13
13
13
12
12
13
12
13
12
12
12
11
11
12
11
13
12
12
12
11
11
11
13
11
11
11
11
11
12
12
12
11
11
12
11
12
11
11
12
11
12
12
11
11
12
11
11
10
10
11
11
11
10
10
11
10
11
10
10
11
11
10
10
9
10
10
10
10
9
9
10
10
9
9
8
8
9
10
10
8
9
10
9
10
9
10
9
10
9
8
9
9
8
10
9
8
8
7
9
9
8
9
8
8
8
8
8
9
7
9
9
9
7
7
7
9
9
8
9
7
9
9
8
7
7
7
9
9
8
8
7
9
8
8
7
8
8
8
7
7
7
7
8
7
6
7
6
8
6
7
7
8
6
7
7
6
7
8
7
6
7
6
6
7
8
7
8
6
6
7
6
6
6
6
6
7
6
6
6
7
7
6
7
7
6
6
6